{
    "Areas": [
        {
            "Crystals": [
                {
                    "color": [
                        0.200000002980232239,
                        0.800000011920928955,
                        0.300000011920928955
                    ],
                    "pos": [
                        20,
                        -2.5,
                        0
                    ]
                },
                {
                    "color": [
                        0.5,
                        0.100000001490116119,
                        0.5
                    ],
                    "pos": [
                        100,
                        -4.90000009536743164,
                        0
                    ]
                },
                {
                    "color": [
                        0.100000001490116119,
                        0.5,
                        0.5
                    ],
                    "pos": [
                        100,
                        -4.90000009536743164,
                        10
                    ]
                },
                {
                    "color": [
                        0.5,
                        0.5,
                        0.5
                    ],
                    "pos": [
                        100,
                        -4.90000009536743164,
                        -10
                    ]
                },
                {
                    "color": [
                        1,
                        1,
                        1
                    ],
                    "pos": [
                        33.7551231384277344,
                        -2.36229848861694336,
                        -11.9453821182250977
                    ]
                },
                {
                    "color": [
                        1,
                        1,
                        1
                    ],
                    "pos": [
                        12.1912307739257812,
                        -2.4242401123046875,
                        13.1616544723510742
                    ]
                }
            ],
            "Lights": [
                {
                    "color": [
                        0.89999997615814209,
                        0.699999988079071045,
                        0.200000002980232239
                    ],
                    "pos": [
                        130,
                        2,
                        17
                    ]
                }
            ],
            "Models": [
                "test1.x",
                "test2.x",
                "test3.x",
                "test4.x"
            ],
            "Moves": [
                {
                    "Shape": {
                        "center": [
                            414,
                            38,
                            -100
                        ],
                        "kind": "Sphere",
                        "radius": 14
                    },
                    "to": "Area2"
                }
            ],
            "NPC": [
                {
                    "pos": [
                        0,
                        1,
                        6
                    ],
                    "serif": "そばやさんってかっこいいよね"
                },
                {
                    "pos": [
                        10,
                        1,
                        4
                    ],
                    "serif": "最近街ではそばやさんって人が人気なんだ"
                },
                {
                    "pos": [
                        -14,
                        1,
                        10
                    ],
                    "serif": "そばやさん...イケメンだよなぁ..."
                },
                {
                    "pos": [
                        4,
                        1,
                        -6
                    ],
                    "serif": "キャーそばやさんよー！抱いてー！！"
                }
            ],
            "debugPos": [
                4.82118940353393555,
                -2.51848816871643066,
                0.679361104965209961
            ],
            "name": "Area1"
        },
        {
            "Crystals": [
                {
                    "color": [
                        0.200000002980232239,
                        0.800000011920928955,
                        0.300000011920928955
                    ],
                    "pos": [
                        15,
                        -1,
                        5
                    ]
                },
                {
                    "color": [
                        0.200000002980232239,
                        0.800000011920928955,
                        0.300000011920928955
                    ],
                    "pos": [
                        20,
                        -1,
                        0
                    ]
                }
            ],
            "Lights": [
                {
                    "color": [
                        1,
                        1,
                        1
                    ],
                    "pos": [
                        131.714767456054688,
                        -0.489426374435424805,
                        -7.46692562103271484
                    ]
                }
            ],
            "Models": [
                "test5.x"
            ],
            "Moves": [],
            "NPC": [],
            "debugPos": [
                0.033820074051618576,
                -0.708767056465148926,
                0.028733573853969574
            ],
            "name": "Area2"
        }
    ],
    "CameraMove": {
        "Trail": [
            {
                "pos": [
                    11.8666999999999998,
                    19.7106999999999992,
                    42.7092000000000027
                ],
                "rot": [
                    0.953861999999999988,
                    0.149224999999999997,
                    -0.260537000000000019,
                    0,
                    0.867744999999999989,
                    0.497010000000000007,
                    0.300246000000000013,
                    -0.474078999999999973,
                    0.827709000000000028
                ]
            },
            {
                "pos": [
                    61.1972999999999985,
                    19.7106999999999992,
                    53.3382000000000005
                ],
                "rot": [
                    0.99717699999999998,
                    -0.0378070000000000003,
                    0.0648719999999999991,
                    0,
                    0.863979000000000052,
                    0.503526999999999947,
                    -0.075084999999999999,
                    -0.502106000000000052,
                    0.861539999999999973
                ]
            },
            {
                "pos": [
                    110.247,
                    20.1134999999999984,
                    42.5320999999999998
                ],
                "rot": [
                    0.972057999999999978,
                    -0.126013999999999987,
                    0.198051000000000005,
                    0,
                    0.84369700000000003,
                    0.536819999999999964,
                    -0.234742000000000006,
                    -0.521819999999999951,
                    0.820122000000000018
                ]
            }
        ]
    },
    "StageName": "クリスタル採掘場",
    "StartArea": "Area1"
}